%YAML:1.0
camera_matrix: !!opencv-matrix
   rows: 3
   cols: 3
   dt: d
   data: [395.44874, 0.0, 199.51444,
          0.0, 529.54221, 211.99161,
          0.0, 0.0, 1.0]

distortion_coefficients: !!opencv-matrix
   rows: 1
   cols: 5
   dt: d
   data: [0.008592, -0.038866, 0.001808, -0.001142, 0.0]

rectification_matrix: !!opencv-matrix
   rows: 3
   cols: 3
   dt: d
   data: [1.0, 0.0, 0.0,
          0.0, 1.0, 0.0,
          0.0, 0.0, 1.0]

projection_matrix: !!opencv-matrix
   rows: 3
   cols: 4
   dt: d
   data: [395.24416, 0.0, 199.06839, 0.0,
          0.0, 529.8773, 212.47722, 0.0,
          0.0, 0.0, 1.0, 0.0]

